.Random.seed <-
c(403L, 10L, 1946521162L, -1352877396L, -156111441L, -1608950427L, 
-598373604L, -841912462L, -688454675L, -1462254553L, 2099190862L, 
1027334312L, -2034381141L, -965661751L, 541837272L, 277155462L, 
-152610975L, -1341535501L, 61920610L, 1185948628L, 1571571415L, 
-1019368243L, 1101671524L, 2088624714L, 1535076277L, -1724269809L, 
2084571158L, 304403136L, 1107584131L, -780169055L, 1659557520L, 
1954104686L, 805942041L, -1538410581L, -2008722022L, -2063060644L, 
-1613248417L, -1175467979L, 1914309580L, 317079330L, 1426628989L, 
-824751497L, 2016842654L, 1372987992L, 409603003L, 173948249L, 
-5359896L, 1041762070L, -197080943L, 355616067L, -275578798L, 
-136748316L, -58673881L, 1056050557L, -809008012L, 2072759898L, 
-135546203L, 1722843327L, -880147642L, -2013605424L, -726174733L, 
1596967697L, 1900526400L, 1052951326L, -749204503L, 2135998747L, 
-582124758L, -1073726388L, -309922801L, 676069189L, 1979570428L, 
1905420114L, -1946048307L, -1227425657L, 1584163694L, 743439688L, 
-602478261L, -1101448023L, -932782600L, -1072200410L, 2067396161L, 
689504211L, 345232770L, 2026256820L, 1774634295L, 2125533229L, 
-1680089788L, -30549398L, -966937387L, 1567998575L, -1667307658L, 
-877131616L, 362455395L, -1251020287L, -1667694224L, -675241714L, 
1931367289L, -1914692853L, -1530330054L, 1049142076L, -1457948545L, 
-455943211L, 775124460L, 412317506L, -1086179171L, 2093334807L, 
1924061310L, 2116431928L, 439805723L, 986932345L, -987763512L, 
-1715487498L, 1558314289L, 1677499747L, -1428439246L, 1339357316L, 
-1150475065L, 1042204573L, -1535880428L, -83770950L, 1835358213L, 
-1394741793L, -1829543834L, 1649070064L, 1189849363L, 756553393L, 
-1102782112L, 1058150142L, -890604919L, 751848891L, 459855754L, 
1370316396L, 1074446319L, -987539419L, 581941468L, -1679860046L, 
380768685L, 415421799L, 1722065550L, 1350003560L, -256994453L, 
730656009L, 1540252568L, 500265670L, -316884959L, 1601014963L, 
1771441698L, 2081886228L, -1566239593L, 1354972813L, -1163300956L, 
-1089670774L, 1196994037L, 810401871L, -1767229610L, -1480610304L, 
1671028547L, 1073379041L, 311891024L, 915397806L, -910448551L, 
1205586027L, 460180954L, 786069148L, -60405601L, -1137343755L, 
511213452L, 442084962L, 708792893L, -1013900105L, -488938658L, 
-480311656L, -1878776325L, -688736359L, 1770012712L, -1032861482L, 
-785953455L, -1181311997L, 926598034L, -1327976156L, -1650317337L, 
-115237827L, -1789211980L, -554669798L, -2120652187L, 1549410047L, 
460252038L, 79652112L, 109395379L, -866148783L, -434430464L, 
-683164962L, -1608558295L, 206136539L, 1732944874L, -437808244L, 
1182553295L, 1973206149L, -471615684L, 1392551442L, -950524659L, 
1603358279L, 8557614L, -520005240L, 1127506059L, -509625751L, 
-568883656L, 675430118L, 454990465L, 1188349459L, 1175769538L, 
185506420L, 456965239L, 109626733L, 1095031300L, -1048872662L, 
1290751637L, 1607443759L, 1415667766L, -1717087136L, -937534813L, 
1989504449L, 629049776L, 1687279822L, 868329017L, -1455654837L, 
1146776058L, 1264592124L, -1917122241L, -417393792L, -961475820L, 
950859048L, -1641705414L, 2132833232L, -153200020L, 167885876L, 
-1427367790L, -1798422176L, 1622256972L, 1680707040L, -148950110L, 
-40727640L, 305056908L, 1904280508L, -1804927886L, -117418000L, 
1642828868L, -521095080L, -1359945670L, -1075531664L, 1279153724L, 
-929016044L, -105944382L, -1233988896L, 1433422972L, -763200304L, 
-1624831070L, -1405866456L, 886438156L, -1522214980L, -1872598734L, 
108126400L, -1445625292L, 634620616L, -769918278L, -1598159728L, 
208975596L, -1171923372L, -652556654L, -308783328L, 1480820684L, 
-1431265056L, 1416920770L, 1984201768L, 1060031404L, 1665735356L, 
958876146L, 1571460656L, -1949808732L, 945230264L, 1830351706L, 
1995682960L, 414907260L, 1302558484L, 415305026L, 1101217536L, 
-715115588L, 676138832L, 459495714L, -1900043704L, 804106252L, 
1421456476L, 1518633426L, 1464786432L, -1510756012L, 2076471528L, 
1593889018L, -1533704496L, 1629966636L, 508956916L, -1046303342L, 
-487855776L, 543041548L, 1652450016L, -657442206L, 112448168L, 
-557077940L, -166387844L, 982910258L, -360302992L, 1512330052L, 
-379344936L, 146757498L, 1219946032L, -113649732L, 1657665108L, 
1465032770L, 103067808L, -121637188L, -805570096L, -1335372958L, 
636842728L, -970841908L, -1096015364L, -1708744206L, 1633348224L, 
336829940L, 257468040L, -228647110L, -263318704L, 1395674220L, 
816787860L, 117044306L, -1919532576L, 1372384460L, -1442773856L, 
679806338L, 1748396264L, -84388116L, -1803909828L, 2124520562L, 
1313585264L, 66023460L, 945364024L, 1671294746L, 1323412688L, 
-635830468L, -831441004L, -216423550L, 1030859200L, 1288519228L, 
-1005787760L, 641883682L, 314754312L, 1248067212L, 781463324L, 
54722706L, -1553417856L, 401446420L, -846942424L, -484136390L, 
-161448496L, -2074621588L, -2008071244L, 1744042002L, -1198963232L, 
1719392204L, 63783136L, 1691531298L, -321998552L, 1911852556L, 
824158012L, 1298568178L, -1843270928L, 580873796L, 464163416L, 
693542714L, 1948128752L, -1285212484L, -916956908L, 286888642L, 
82232416L, -424078468L, -586127408L, 1207333154L, -833242456L, 
1913027468L, 376080572L, 1595817778L, -1727337920L, 1418353844L, 
185807432L, -1808779846L, -918486512L, 1757995756L, -654548652L, 
-1462886126L, 1960406432L, -1237552436L, 686620256L, -409053246L, 
-1956137176L, -280121428L, 57144124L, -1179399822L, -157328592L, 
-2031223516L, 757287736L, -1498403110L, 1828358032L, -456864004L, 
671546260L, 716795970L, -317057792L, 416220220L, -2087419568L, 
-1649033054L, 1633743176L, -896399604L, 92881628L, 1218698578L, 
-357985152L, -606932908L, -169996312L, 827304186L, 1400626000L, 
1407844140L, 1945241972L, 910371730L, -1946781600L, -606446196L, 
-1633240224L, -741230110L, 86954920L, 128652492L, -1659711492L, 
987981234L, -261990928L, 782461892L, -1317767848L, 1280022906L, 
-25656400L, -1327523396L, -1797093292L, 296880066L, -1817751520L, 
-250115908L, 1017307728L, 1934894050L, -963616664L, 311686220L, 
-498390788L, -1028527118L, -1177917184L, 876368244L, 1882831880L, 
-308078033L, 830021608L, 1678788806L, 295308659L, 347526613L, 
465623474L, 1130289024L, 1987169129L, -1526464549L, -1433065684L, 
806078778L, 1995028463L, -1654881671L, -832043762L, 1155493084L, 
986006349L, -1518941513L, -1763923904L, -283719394L, 1467421675L, 
-1547018387L, -136309286L, -1961597032L, 1860838913L, -802289741L, 
-939002156L, -2059890718L, 1953493623L, -1508987967L, -1035052730L, 
-998930300L, 2097008181L, 679310879L, 708841848L, 199553110L, 
89554147L, -2029389147L, -1324857534L, -1543932624L, 366945625L, 
-1742715189L, -1368293572L, -1523247254L, -493668961L, 942672937L, 
-534802754L, 16506796L, -1894357763L, 106815559L, 1046748976L, 
1886537806L, -1319058309L, 1827727325L, -1836853750L, 214248232L, 
-332704367L, 757844867L, 519172228L, 1273044658L, -570482169L, 
-1430113711L, -1642878506L, 1771672756L, -1228795707L, 509501967L, 
620321416L, 138543014L, -1618946221L, -2627403L, -1709349358L, 
1701368800L, 2090083913L, -1959586693L, -1108437684L, 1338892506L, 
2035200207L, 755289241L, 1805627566L, -1828459076L, -1276471763L, 
-1676160553L, -2140399584L, -1964098178L, -1840078005L, 11544909L, 
894166906L, 159295928L, -197862559L, 1899305747L, 187093812L, 
-1619365566L, 2102699351L, 639090849L, 1324738918L, -600269980L, 
2047160981L, 2102301631L, -1294506152L, 1334467958L, 1894391683L, 
-1190140475L, -1277822238L, 1121878864L, -2112528775L, -764755541L, 
-1194993892L, -1168465846L, -1809759169L, 219653257L, 1545760926L, 
-1215529652L, -1468297955L, 1910130855L, -620230704L, 957493102L, 
-188996069L, 1654968189L, 509400426L, -856290296L, 1979495601L, 
934499107L, -1442389980L, -286543150L, -826550489L, 624372081L, 
-1442656330L, 2020541268L, -1897812507L, -301238289L, -1774987480L, 
-842043514L, 738999219L, -861738219L, 1533068658L, -231851584L, 
-750667223L, -1217929573L, -1006524564L, 1827102586L, -1171642193L, 
-2121391175L, -1102346802L, 1906405660L, -876661619L, -1570604809L, 
-1659202560L, 220247646L, -1004074709L, 651500077L, 103508634L, 
